8 4
12 2
9 2
11 4
2 4
4 4
3 2
4 2
1 4
1 4
1 4
1 4
1 4
3 2
9 2
2 4
13 4
0 4
1 4
10 4
0 2
7 4
4 4
2 2
2 4
8 4
4 2
4 4
7 4
3 2
5 2
5 2
0 4
2 2
4 2
3 4
6 2
9 4
7 2
4 2
6 2
2 4
6 2
7 4
0 2
4 4
0 2
5 4
4 2
6 4
1 2
6 2
3 2
9 2
3 2
9 2
3 2
9 2
3 2
9 2
3 2
9 2
3 2
9 2
10 2
5 4
8 4
9 4
8 4
1 4
2 2
0 2
7 4
7 4
1 2
2 4
4 2
4 4
0 4
2 2
3 2
9 2
12 4
7 4
0 4
6 4
12 2
12 4
6 2
4 2
10 4
3 2
0 2
0 4
5 2
0 2
4 2
7 4
6 4
4 4
4 2
3 2
9 2
1 2
0 4
0 4
4 4
2 2
0 2
10 4
8 2
8 4
5 2
4 4
5 4
0 4
8 2
4 4
10 2
2 4
3 2
4 4
2 2
6 2
3 4
3 2
6 2
2 4
3 2
5 4
2 2
3 4
6 2
1 4
6 2
3 2
