4
3
-4.1   1.2   2.8
1.9   3.1  -1.1
3.0  -2.7   5.8
4
5.0   1.0  -2.0  -1.9
-2.9   7.0  -2.0  -2.0
1.1   1.2   4.0   1.5
2.2   3.3  -4.4   5.5
5
5.0   4.0   0.9   0.0   0.0
0.0   7.0   0.9   2.1   3.9
1.0   4.0   9.1   3.0   1.0
0.3   1.0   9.2  19.9  -9.3
3.1   4.2   5.3   2.4  15.1
8
8.0   1.0   1.0   1.0   1.0   1.0   1.0   1.0
-1.0   8.0   1.0   1.0   1.0   1.0   1.0   1.0
-1.0  -1.0   8.0   1.0   1.0   1.0   1.0   1.0
-1.0  -1.0  -1.0   8.0   1.0   1.0   1.0   1.0
-1.0  -1.0  -1.0  -1.0   8.0   1.0   1.0   1.0
-1.0  -1.0  -1.0  -1.0  -1.0   8.0   1.0   1.0
-1.0  -1.0  -1.0  -1.0  -1.0  -1.0   8.0   1.0
-1.0  -1.0  -1.0  -1.0  -1.0  -1.0  -1.0   8.0
